BG:gfx/large_bg.png
pla(250,100)
wal(500,90,18,180)
wal(500,180,18,180)
wal(500,270,18,180)
wal(500,360,18,180)
wal(500,450,18,180)
wal(500,540,18,180)
wal(500,610,18,180)
wal(90,1000,180,18)
wal(180,1000,180,18)
wal(270,1000,180,18)
wal(360,1000,180,18)
wal(450,1000,180,18)
wal(540,1000,180,18)
wal(630,1000,180,18)
wal(720,1000,180,18)
wal(810,1000,180,18)
wal(900,1000,180,18)
wal(990,1000,180,18)
wal(1080,1000,180,18)
wal(1170,1000,180,18)
wal(1260,1000,180,18)
wal(1350,1000,180,18)
wal(1440,1000,180,18)
wal(1530,1000,180,18)
wal(1620,1000,180,18)
wal(1710,1000,180,18)
wal(1800,1000,180,18)
wal(1890,1000,180,18)
wal(1910,1000,180,18)
wal(1000,490,18,180)
wal(1000,580,18,180)
wal(1000,670,18,180)
wal(1000,760,18,180)
wal(1000,850,18,180)
wal(1000,940,18,180)
wal(1000,1030,18,180)
wal(1000,1120,18,180)
wal(1000,1210,18,180)
wal(1000,1300,18,180)
wal(1000,1390,18,180)
wal(1000,1480,18,180)
wal(1000,1570,18,180)
wal(1000,1660,18,180)
wal(1000,1750,18,180)
wal(1000,1840,18,180)
wal(1000,1930,18,180)
wal(1000,2020,18,180)
wal(1000,2110,18,180)
wal(1000,2200,18,180)
wal(1000,2290,18,180)
wal(1000,2380,18,180)
wal(1000,2470,18,180)
wal(1000,2510,18,180)
wal(1090,2000,180,18)
wal(1180,2000,180,18)
wal(1270,2000,180,18)
wal(1360,2000,180,18)
wal(1450,2000,180,18)
wal(1540,2000,180,18)
wal(1630,2000,180,18)
wal(1720,2000,180,18)
wal(1810,2000,180,18)
wal(1900,2000,180,18)
wal(1910,2000,180,18)
wal(2000,1090,18,180)
wal(2000,1180,18,180)
wal(2000,1270,18,180)
wal(2000,1360,18,180)
wal(2000,1450,18,180)
wal(2000,1540,18,180)
wal(2000,1630,18,180)
wal(2000,1720,18,180)
wal(2000,1810,18,180)
wal(2000,1900,18,180)
wal(2000,1990,18,180)
wal(2000,2080,18,180)
wal(2000,2170,18,180)
wal(2000,2260,18,180)
wal(2000,2350,18,180)
wal(2000,2440,18,180)
wal(2000,2510,18,180)
wal(1090,400,180,18)
wal(1180,400,180,18)
wal(1270,400,180,18)
wal(1360,400,180,18)
wal(1450,400,180,18)
wal(1540,400,180,18)
wal(1630,400,180,18)
wal(1720,400,180,18)
wal(1810,400,180,18)
wal(1900,400,180,18)
wal(1990,400,180,18)
wal(2080,400,180,18)
wal(2170,400,180,18)
wal(2260,400,180,18)
wal(2350,400,180,18)
wal(2440,400,180,18)
wal(2530,400,180,18)
wal(2620,400,180,18)
wal(2660,400,180,18)
wal(1340,700,180,18)
wal(1430,700,180,18)
wal(1520,700,180,18)
wal(1610,700,180,18)
wal(1700,700,180,18)
wal(1790,700,180,18)
wal(1880,700,180,18)
wal(1970,700,180,18)
wal(2060,700,180,18)
wal(2150,700,180,18)
wal(2240,700,180,18)
wal(2330,700,180,18)
wal(2420,700,180,18)
wal(2510,700,180,18)
wal(2600,700,180,18)
wal(2690,700,180,18)
wal(2780,700,180,18)
wal(2870,700,180,18)
wal(2910,700,180,18)
wal(1500,2390,18,180)
wal(1500,2480,18,180)
wal(1500,2570,18,180)
wal(1500,2660,18,180)
wal(1500,2750,18,180)
wal(1500,2840,18,180)
wal(1500,2910,18,180)
wal(290,1200,180,18)
wal(380,1200,180,18)
wal(470,1200,180,18)
wal(560,1200,180,18)
wal(650,1200,180,18)
wal(740,1200,180,18)
wal(830,1200,180,18)
wal(910,1200,180,18)


