BG:gfx/large_bg.png
pla(100,3900,0,0)
pwr(3900,100,0,0)
spd(3900,2000,0,0)
rep(2000,100,0,0)
wrm(100,100,0,0)
wrm(3900,3900,0,0)
wrm(2000,2000,0,0)
ogb(100,3000,0,0)
ogb(1000,3900,0,0)
ogb(500,3500,0,0)
ogb(100,200,0,0)
ogb(200,100,0,0)
ogb(3900,3800,0,0)
ogb(3800,3900,0,0)
odm(100,2000,0,0)
odm(2000,3900,0,0)
odm(1900,200,0,0)
odm(2100,200,0,0)
odm(3800,1900,0,0)
odm(3800,2100,0,0)
ops(1900,1900,0,0)
ops(2100,2100,0,0)
sps(1000,100,300,600)
sps(3000,100,300,600)
sps(3900,1000,300,600)
sps(3900,3000,300,600)
sgb(500,2500,300,600)
sgb(750,2750,300,600)
sgb(1000,3000,300,600)
sgb(1250,3250,300,600)
sgb(3000,1000,300,600)
odm(100,1900,0,0)
odm(3900,2100,0,0)
odm(1700,1700,0,0)
odm(2300,2300,0,0)