BG:gfx/bg_testvoid.png
pla(100,1900)
wnh(1900,100)
wal(200,1910,18,180)
wal(200,1820,18,180)
wal(200,1730,18,180)
wal(200,1640,18,180)
wal(200,1550,18,180)
wal(200,1490,18,180)
wal(90,1400,180,18)
wal(180,1400,180,18)
wal(270,1400,180,18)
wal(360,1400,180,18)
wal(450,1400,180,18)
wal(540,1400,180,18)
wal(630,1400,180,18)
wal(720,1400,180,18)
wal(810,1400,180,18)
wal(900,1400,180,18)
wal(990,1400,180,18)
wal(1080,1400,180,18)
wal(1170,1400,180,18)
wal(1260,1400,180,18)
wal(1350,1400,180,18)
wal(1440,1400,180,18)
wal(1530,1400,180,18)
wal(1620,1400,180,18)
wal(1710,1400,180,18)
wal(1800,1400,180,18)
wal(1890,1400,180,18)
wal(1910,1400,180,18)
wal(800,1910,18,180)
wal(800,1820,18,180)
wal(800,1730,18,180)
wal(800,1640,18,180)
wal(800,1550,18,180)
wal(800,1490,18,180)
wal(1400,1910,18,180)
wal(1400,1820,18,180)
wal(1400,1730,18,180)
wal(1400,1640,18,180)
wal(1400,1550,18,180)
wal(1400,1460,18,180)
wal(1400,1370,18,180)
wal(1400,1280,18,180)
wal(1400,1190,18,180)
wal(1400,1100,18,180)
wal(1400,1010,18,180)
wal(1400,920,18,180)
wal(1400,830,18,180)
wal(1400,790,18,180)
wal(90,700,180,18)
wal(180,700,180,18)
wal(270,700,180,18)
wal(360,700,180,18)
wal(450,700,180,18)
wal(540,700,180,18)
wal(630,700,180,18)
wal(720,700,180,18)
wal(810,700,180,18)
wal(900,700,180,18)
wal(990,700,180,18)
wal(1080,700,180,18)
wal(1170,700,180,18)
wal(1260,700,180,18)
wal(1350,700,180,18)
wal(1440,700,180,18)
wal(1530,700,180,18)
wal(1620,700,180,18)
wal(1710,700,180,18)
wal(1800,700,180,18)
wal(1890,700,180,18)
wal(1980,700,180,18)
wal(1600,90,18,180)
wal(1600,180,18,180)
wal(1600,270,18,180)
wal(1600,360,18,180)
wal(1600,450,18,180)
wal(1600,540,18,180)
wal(1600,610,18,180)
wal(600,90,18,180)
wal(600,180,18,180)
wal(600,270,18,180)
wal(600,360,18,180)
wal(600,450,18,180)
wal(600,540,18,180)
wal(600,610,18,180)
tur(500,1500,0,360)
tur(900,1500,0,360)
tur(1300,1900,0,360)
tur(1500,1900,0,360)
tur(1900,1600,0,360)
tur(1900,1300,0,360)
tur(1500,1300,0,360)
tur(1500,800,0,360)
tur(1300,1300,0,360)
tur(900,1300,0,360)
tur(500,1300,0,360)
tur(1100,800,0,360)
tur(700,800,0,360)
tur(300,800,0,360)
tur(100,100,0,360)
tur(500,600,0,360)
tur(700,600,0,360)
tur(700,100,0,360)
tur(1500,100,0,360)
tur(1500,600,0,360)
tur(1700,100,0,360)
tur(1700,600,0,360)
wrm(100,1500,500,1700)
wrm(300,1500,100,1900)
wrm(500,1900,1700,1700)
wrm(700,1500,1100,1700)
wrm(900,1900,1800,1050)
wrm(1300,1500,500,1700)
wrm(1500,1500,1100,1700)
wrm(1900,1900,500,1700)
wrm(1900,800,1300,1050)
wrm(100,1300,500,100)
wrm(100,800,500,1700)
wrm(100,600,1100,350)
wrm(700,350,1700,1700)
wrm(1500,350,1700,350)

